1 100
49
1 5
842745 82
5076024 77
8500675 48
5835274 11
8640445 62
2 4506471 64 8500675 112
2 7470401 90 5076024 167
2 8674635 60 5835274 71
4 490 163
2 2898467 44 8640445 106
2 2670877 70 7470401 160
2 2987079 36 4506471 100
2 3136289 14 5076024 251
2 4331691 56 2987079 92
2 9033317 50 3136289 64
2 5585359 84 9033317 134
2 7877097 10 4331691 66
2 2307507 68 4331691 134
2 958168877 30 5585359 114
2 9148119 84 9033317 248
2 706908721 6 4331691 140
2 4766523 88 2307507 156
2 3391221 74 5585359 188
2 601626335 100 9033317 422
4 1138 503
2 8648247 76 3391221 150
2 2536849 90 601626335 190
2 2727195 96 4331691 -1
2 5728981 38 601626335 228
2 4452159 72 8674635 132
2 1151321 2 706908721 8
2 7337251 92 2536849 182
4 1460 751
2 5553147 28 3391221 178
2 1452597 78 958168877 108
3 2536849 182
2 7346966 95 9148119 179
2 6891000 61 5553147 89
2 9865290 47 4766523 135
2 407564 17 6891000 78
2 2674110 39 4766523 174
2 5573344 37 5553147 143
2 4820824 61 9865290 108
4 1842 986
3 4452159 72
2 5770171 28 2898467 72
2 3991925 22 6891000 100
2 7363039 8 5835274 79
2 2772089 14 1452597 92
2 7391171 24 8640445 158
2 9064253 78 6891000 178
2 9785703 16 1452597 108
3 6891000 178
